1
-0.307305
-0.74035
0.774689
0.205155
-0.898156
0.376064
0.632847
-0.769256
-0.124871
0.824513
-0.400433
-0.546317
0.731526
0.0713827
-0.756327
0.402091
0.481865
-0.695651
-0.0332643
0.70051
-0.409822
-0.429661
0.670177
-0.000632534
-0.658335
0.415409
0.388528
-0.654277
0.0261989
0.629088
-0.421577
-0.356942
0.640624
-0.05243
-0.601019
0.433175
0.321693
-0.636287
0.0840102
0.576433
-0.449529
-0.282911
0.617116
-0.104848
-0.54517
0.453571
0.250418
-0.607894
0.13993
0.507301
-0.4576
-0.207596
0.578542
-0.161841
-0.465443
0.451092
0.171386
-0.550056
0.178193
0.429224
-0.445891
-0.144549
0.530758
-0.19226
-0.405232
0.446826
0.12198
-0.520449
0.202158
0.388006
-0.438063
-0.107521
0.498288
-0.208229
-0.361599
0.433411
0.0808195
-0.478351
0.223632
0.32787
-0.427423
-0.0513305
0.449884
-0.231791
-0.288152
0.402145
0.024917
-0.403565
0.227146
0.252608
-0.381586
-0.010738
0.381286
-0.229809
-0.231845
0.375288
-0.0096194
-0.36535
0.241859
0.204718
-0.36936
0.0331305
0.342767
-0.249505
-0.178457
0.355552
-0.0501788
-0.315672
0.247403
0.155475
-0.343295
0.0629704
0.298283
-0.251949
-0.130081
0.327175
-0.0843841
-0.263035
0.252031
0.092577
-0.302884
0.104588
0.219769
-0.239954
-0.0546453
0.258069
-0.111738
-0.169697
0.213645
0.0235757
-0.216325
0.113149
0.129801
-0.189417
-0.00593785
0.183257
-0.108185
-0.108805
0.169181
-0.00112851
-0.162512
0.102773
0.0938604
-0.15831
0.00999229
0.145743
-0.104137
-0.0737083
0.150958
-0.0295682
-0.131182
0.114057
0.0646634
-0.127928
0.0427423
0.0905926
-0.106758
-0.0331672
0.124653
-0.0516903
-0.0869908
0.108713
0.0107118
-0.110858
0.0629983
0.0619337
-0.100854
0.0107871
0.0867377
-0.0711317
-0.0329199
0.0900078
-0.0310002
-0.0623754
0.0720154
0.00729921
-0.0719525
0.0433005
0.0333798
-0.0630177
0.0155046
0.0441432
-0.0453202
-0.00447009
0.0406499
-0.0258025
-0.0142449
0.0295508
-0.0107536
-0.013921
0.0163892
-0.00383668
-0.00456006
0.00664292
-0.00749381
-0.000282779
0.0116949
-0.00607277
-0.000635365
